,AIMEE ENG
first_choice,100.00
AIMEE ENG,
exhaust,100.00
